0.000000e+00	3.040000e+00	
2.000000e-08	3.040000e+00	
4.000000e-08	3.040000e+00	
6.000000e-08	3.040000e+00	
8.000000e-08	3.040000e+00	
1.000000e-07	3.040000e+00	
1.200000e-07	3.040000e+00	
1.400000e-07	3.040000e+00	
1.600000e-07	3.040000e+00	
1.800000e-07	3.040000e+00	
2.000000e-07	3.040000e+00	
2.200000e-07	3.040000e+00	
2.400000e-07	3.040000e+00	
2.600000e-07	3.040000e+00	
2.800000e-07	3.040000e+00	
3.000000e-07	3.040000e+00	
3.200000e-07	3.040000e+00	
3.400000e-07	3.040000e+00	
3.600000e-07	3.040000e+00	
3.800000e-07	3.040000e+00	
4.000000e-07	2.960000e+00	
4.200000e-07	3.040000e+00	
4.400000e-07	2.960000e+00	
4.600000e-07	2.960000e+00	
4.800000e-07	3.040000e+00	
5.000000e-07	3.040000e+00	
5.200000e-07	3.040000e+00	
5.400000e-07	3.040000e+00	
5.600000e-07	3.040000e+00	
5.800000e-07	3.040000e+00	
6.000000e-07	2.960000e+00	
6.200000e-07	3.040000e+00	
6.400000e-07	3.040000e+00	
6.600000e-07	3.040000e+00	
6.800000e-07	3.040000e+00	
7.000000e-07	3.040000e+00	
7.200000e-07	3.040000e+00	
7.400000e-07	3.040000e+00	
7.600000e-07	3.040000e+00	
7.800000e-07	3.040000e+00	
8.000000e-07	3.040000e+00	
8.200000e-07	3.040000e+00	
8.400000e-07	2.560000e+00	
8.600000e-07	2.560000e+00	
8.800000e-07	8.800000e-01	
9.000000e-07	-8.000000e-01	
9.200000e-07	-1.520000e+00	
9.400000e-07	-2.000000e+00	
9.600000e-07	-2.000000e+00	
9.800000e-07	-2.160000e+00	
1.000000e-06	-2.240000e+00	
1.020000e-06	-2.240000e+00	
1.040000e-06	-2.320000e+00	
1.060000e-06	-2.320000e+00	
1.080000e-06	-2.320000e+00	
1.100000e-06	-2.400000e+00	
1.120000e-06	-2.320000e+00	
1.140000e-06	-2.320000e+00	
1.160000e-06	-2.320000e+00	
1.180000e-06	-2.320000e+00	
1.200000e-06	-2.400000e+00	
1.220000e-06	-2.320000e+00	
1.240000e-06	-2.320000e+00	
1.260000e-06	-2.320000e+00	
1.280000e-06	-2.320000e+00	
1.300000e-06	-2.400000e+00	
1.320000e-06	-2.320000e+00	
1.340000e-06	-2.320000e+00	
1.360000e-06	-2.320000e+00	
1.380000e-06	-2.320000e+00	
1.400000e-06	-2.400000e+00	
1.420000e-06	-2.320000e+00	
1.440000e-06	-2.400000e+00	
1.460000e-06	-2.400000e+00	
1.480000e-06	-2.400000e+00	
1.500000e-06	-2.400000e+00	
1.520000e-06	-2.320000e+00	
1.540000e-06	-2.320000e+00	
1.560000e-06	-2.320000e+00	
1.580000e-06	-2.400000e+00	
1.600000e-06	-2.400000e+00	
1.620000e-06	-2.320000e+00	
1.640000e-06	-2.400000e+00	
1.660000e-06	-2.400000e+00	
1.680000e-06	-2.400000e+00	
1.700000e-06	-2.400000e+00	
1.720000e-06	-2.400000e+00	
1.740000e-06	-2.400000e+00	
1.760000e-06	-2.400000e+00	
1.780000e-06	-2.400000e+00	
1.800000e-06	-2.400000e+00	
1.820000e-06	-2.400000e+00	
1.840000e-06	-2.400000e+00	
1.860000e-06	-2.400000e+00	
1.880000e-06	-2.400000e+00	
1.900000e-06	-2.400000e+00	
1.920000e-06	-2.400000e+00	
1.940000e-06	-2.400000e+00	
1.960000e-06	-2.400000e+00	
1.980000e-06	-2.400000e+00	
2.000000e-06	-2.400000e+00	
2.020000e-06	-2.400000e+00	
2.040000e-06	-2.400000e+00	
2.060000e-06	-2.400000e+00	
2.080000e-06	-2.400000e+00	
2.100000e-06	-2.400000e+00	
2.120000e-06	-2.400000e+00	
2.140000e-06	-2.400000e+00	
2.160000e-06	-2.400000e+00	
2.180000e-06	-2.400000e+00	
2.200000e-06	-2.400000e+00	
2.220000e-06	-2.400000e+00	
2.240000e-06	-2.400000e+00	
2.260000e-06	-2.400000e+00	
2.280000e-06	-2.400000e+00	
2.300000e-06	-2.400000e+00	
2.320000e-06	-2.400000e+00	
2.340000e-06	-2.400000e+00	
2.360000e-06	-2.400000e+00	
2.380000e-06	-2.400000e+00	
2.400000e-06	-2.480000e+00	
2.420000e-06	-2.400000e+00	
2.440000e-06	-2.400000e+00	
2.460000e-06	-2.400000e+00	
2.480000e-06	-2.400000e+00	
2.500000e-06	-2.400000e+00	
2.520000e-06	-2.400000e+00	
2.540000e-06	-2.400000e+00	
2.560000e-06	-2.400000e+00	
2.580000e-06	-2.400000e+00	
2.600000e-06	-2.400000e+00	
2.620000e-06	-2.320000e+00	
2.640000e-06	-2.400000e+00	
2.660000e-06	-2.400000e+00	
2.680000e-06	-2.400000e+00	
2.700000e-06	-2.400000e+00	
2.720000e-06	-2.400000e+00	
2.740000e-06	-2.400000e+00	
2.760000e-06	-2.400000e+00	
2.780000e-06	-2.400000e+00	
2.800000e-06	-2.400000e+00	
2.820000e-06	-2.400000e+00	
2.840000e-06	-2.400000e+00	
2.860000e-06	-2.400000e+00	
2.880000e-06	-2.400000e+00	
2.900000e-06	-2.400000e+00	
2.920000e-06	-2.400000e+00	
2.940000e-06	-2.400000e+00	
2.960000e-06	-2.400000e+00	
2.980000e-06	-2.400000e+00	
3.000000e-06	-2.400000e+00	
3.020000e-06	-2.400000e+00	
3.040000e-06	-2.400000e+00	
3.060000e-06	-2.400000e+00	
3.080000e-06	-2.400000e+00	
3.100000e-06	-2.400000e+00	
3.120000e-06	-2.320000e+00	
3.140000e-06	-2.400000e+00	
3.160000e-06	-2.400000e+00	
3.180000e-06	-2.400000e+00	
3.200000e-06	-2.400000e+00	
3.220000e-06	-2.400000e+00	
3.240000e-06	-2.400000e+00	
3.260000e-06	-2.400000e+00	
3.280000e-06	-2.400000e+00	
3.300000e-06	-2.400000e+00	
3.320000e-06	-2.400000e+00	
3.340000e-06	-2.320000e+00	
3.360000e-06	-2.320000e+00	
3.380000e-06	-2.080000e+00	
3.400000e-06	-1.680000e+00	
3.420000e-06	-1.360000e+00	
3.440000e-06	-8.800000e-01	
3.460000e-06	-8.800000e-01	
3.480000e-06	-2.400000e-01	
3.500000e-06	1.200000e+00	
3.520000e-06	2.640000e+00	
3.540000e-06	3.360000e+00	
3.560000e-06	3.360000e+00	
3.580000e-06	3.440000e+00	
3.600000e-06	3.120000e+00	
3.620000e-06	3.040000e+00	
3.640000e-06	2.960000e+00	
3.660000e-06	2.960000e+00	
3.680000e-06	2.960000e+00	
3.700000e-06	2.960000e+00	
3.720000e-06	3.040000e+00	
3.740000e-06	2.960000e+00	
3.760000e-06	2.960000e+00	
3.780000e-06	3.040000e+00	
3.800000e-06	2.960000e+00	
3.820000e-06	3.040000e+00	
3.840000e-06	3.040000e+00	
3.860000e-06	3.040000e+00	
3.880000e-06	3.040000e+00	
3.900000e-06	3.040000e+00	
3.920000e-06	3.040000e+00	
3.940000e-06	2.960000e+00	
3.960000e-06	2.960000e+00	
3.980000e-06	3.040000e+00	
4.000000e-06	2.960000e+00	
4.020000e-06	3.040000e+00	
4.040000e-06	3.040000e+00	
4.060000e-06	3.040000e+00	
4.080000e-06	3.040000e+00	
4.100000e-06	2.960000e+00	
4.120000e-06	3.040000e+00	
4.140000e-06	3.040000e+00	
4.160000e-06	3.040000e+00	
4.180000e-06	3.040000e+00	
4.200000e-06	3.040000e+00	
4.220000e-06	3.040000e+00	
4.240000e-06	3.040000e+00	
4.260000e-06	3.040000e+00	
4.280000e-06	3.040000e+00	
4.300000e-06	3.040000e+00	
4.320000e-06	3.040000e+00	
4.340000e-06	3.040000e+00	
4.360000e-06	3.040000e+00	
4.380000e-06	3.040000e+00	
4.400000e-06	2.960000e+00	
4.420000e-06	3.040000e+00	
4.440000e-06	3.040000e+00	
4.460000e-06	3.040000e+00	
4.480000e-06	3.040000e+00	
4.500000e-06	3.040000e+00	
4.520000e-06	3.040000e+00	
4.540000e-06	3.040000e+00	
4.560000e-06	3.040000e+00	
4.580000e-06	3.040000e+00	
4.600000e-06	2.960000e+00	
4.620000e-06	3.040000e+00	
4.640000e-06	2.960000e+00	
4.660000e-06	2.960000e+00	
4.680000e-06	2.960000e+00	
4.700000e-06	3.040000e+00	
4.720000e-06	3.040000e+00	
4.740000e-06	2.960000e+00	
4.760000e-06	2.960000e+00	
4.780000e-06	3.040000e+00	
4.800000e-06	3.040000e+00	
4.820000e-06	3.040000e+00	
4.840000e-06	3.040000e+00	
4.860000e-06	3.040000e+00	
4.880000e-06	3.040000e+00	
4.900000e-06	3.040000e+00	
4.920000e-06	3.040000e+00	
4.940000e-06	3.040000e+00	
4.960000e-06	3.040000e+00	
4.980000e-06	3.040000e+00	
5.000000e-06	2.960000e+00	
5.020000e-06	2.960000e+00	
5.040000e-06	2.960000e+00	
5.060000e-06	2.960000e+00	
5.080000e-06	3.040000e+00	
5.100000e-06	2.960000e+00	
5.120000e-06	3.040000e+00	
5.140000e-06	3.040000e+00	
5.160000e-06	3.040000e+00	
5.180000e-06	3.040000e+00	
5.200000e-06	2.960000e+00	
5.220000e-06	3.040000e+00	
5.240000e-06	2.960000e+00	
5.260000e-06	2.960000e+00	
5.280000e-06	3.040000e+00	
5.300000e-06	2.960000e+00	
5.320000e-06	3.040000e+00	
5.340000e-06	2.960000e+00	
5.360000e-06	2.960000e+00	
5.380000e-06	3.040000e+00	
5.400000e-06	2.960000e+00	
5.420000e-06	3.040000e+00	
5.440000e-06	2.960000e+00	
5.460000e-06	2.960000e+00	
5.480000e-06	3.040000e+00	
5.500000e-06	2.960000e+00	
5.520000e-06	2.080000e+00	
5.540000e-06	8.000000e-02	
5.560000e-06	8.000000e-02	
5.580000e-06	-1.120000e+00	
5.600000e-06	-1.840000e+00	
5.620000e-06	-2.080000e+00	
5.640000e-06	-2.240000e+00	
5.660000e-06	-2.240000e+00	
5.680000e-06	-2.240000e+00	
5.700000e-06	-2.320000e+00	
5.720000e-06	-2.240000e+00	
5.740000e-06	-2.320000e+00	
5.760000e-06	-2.320000e+00	
5.780000e-06	-2.320000e+00	
5.800000e-06	-2.400000e+00	
5.820000e-06	-2.320000e+00	
5.840000e-06	-2.320000e+00	
5.860000e-06	-2.320000e+00	
5.880000e-06	-2.320000e+00	
5.900000e-06	-2.320000e+00	
5.920000e-06	-2.320000e+00	
5.940000e-06	-2.400000e+00	
5.960000e-06	-2.400000e+00	
5.980000e-06	-2.320000e+00	
6.000000e-06	-2.400000e+00	
6.020000e-06	-2.320000e+00	
6.040000e-06	-2.400000e+00	
6.060000e-06	-2.400000e+00	
6.080000e-06	-2.320000e+00	
6.100000e-06	-2.400000e+00	
6.120000e-06	-2.400000e+00	
6.140000e-06	-2.400000e+00	
6.160000e-06	-2.400000e+00	
6.180000e-06	-2.400000e+00	
6.200000e-06	-2.400000e+00	
6.220000e-06	-2.320000e+00	
6.240000e-06	-2.400000e+00	
6.260000e-06	-2.400000e+00	
6.280000e-06	-2.400000e+00	
6.300000e-06	-2.400000e+00	
6.320000e-06	-2.320000e+00	
6.340000e-06	-2.400000e+00	
6.360000e-06	-2.400000e+00	
6.380000e-06	-2.400000e+00	
6.400000e-06	-2.400000e+00	
6.420000e-06	-2.320000e+00	
6.440000e-06	-2.400000e+00	
6.460000e-06	-2.400000e+00	
6.480000e-06	-2.400000e+00	
6.500000e-06	-2.400000e+00	
6.520000e-06	-2.400000e+00	
6.540000e-06	-2.400000e+00	
6.560000e-06	-2.400000e+00	
6.580000e-06	-2.400000e+00	
6.600000e-06	-2.400000e+00	
6.620000e-06	-2.320000e+00	
6.640000e-06	-2.400000e+00	
6.660000e-06	-2.400000e+00	
6.680000e-06	-2.400000e+00	
6.700000e-06	-2.400000e+00	
6.720000e-06	-2.400000e+00	
6.740000e-06	-2.400000e+00	
6.760000e-06	-2.400000e+00	
6.780000e-06	-2.400000e+00	
6.800000e-06	-2.400000e+00	
6.820000e-06	-2.400000e+00	
6.840000e-06	-2.400000e+00	
6.860000e-06	-2.400000e+00	
6.880000e-06	-2.400000e+00	
6.900000e-06	-2.400000e+00	
6.920000e-06	-2.400000e+00	
6.940000e-06	-2.400000e+00	
6.960000e-06	-2.400000e+00	
6.980000e-06	-2.400000e+00	
7.000000e-06	-2.400000e+00	
7.020000e-06	-2.400000e+00	
7.040000e-06	-2.400000e+00	
7.060000e-06	-2.400000e+00	
7.080000e-06	-2.320000e+00	
7.100000e-06	-2.400000e+00	
7.120000e-06	-2.400000e+00	
7.140000e-06	-2.400000e+00	
7.160000e-06	-2.400000e+00	
7.180000e-06	-2.400000e+00	
7.200000e-06	-2.400000e+00	
7.220000e-06	-2.320000e+00	
7.240000e-06	-2.400000e+00	
7.260000e-06	-2.400000e+00	
7.280000e-06	-2.400000e+00	
7.300000e-06	-2.400000e+00	
7.320000e-06	-2.400000e+00	
7.340000e-06	-2.400000e+00	
7.360000e-06	-2.400000e+00	
7.380000e-06	-2.400000e+00	
7.400000e-06	-2.400000e+00	
7.420000e-06	-2.400000e+00	
7.440000e-06	-2.400000e+00	
7.460000e-06	-2.400000e+00	
7.480000e-06	-2.400000e+00	
7.500000e-06	-2.400000e+00	
7.520000e-06	-2.400000e+00	
7.540000e-06	-2.400000e+00	
7.560000e-06	-2.400000e+00	
7.580000e-06	-2.400000e+00	
7.600000e-06	-2.400000e+00	
7.620000e-06	-2.400000e+00	
7.640000e-06	-2.400000e+00	
7.660000e-06	-2.400000e+00	
7.680000e-06	-2.400000e+00	
7.700000e-06	-2.480000e+00	
7.720000e-06	-2.400000e+00	
7.740000e-06	-2.400000e+00	
7.760000e-06	-2.400000e+00	
7.780000e-06	-2.400000e+00	
7.800000e-06	-2.400000e+00	
7.820000e-06	-2.400000e+00	
7.840000e-06	-2.400000e+00	
7.860000e-06	-2.400000e+00	
7.880000e-06	-2.400000e+00	
7.900000e-06	-2.400000e+00	
7.920000e-06	-2.400000e+00	
7.940000e-06	-2.400000e+00	
7.960000e-06	-2.400000e+00	
7.980000e-06	-2.400000e+00	
8.000000e-06	-2.400000e+00	
8.020000e-06	-2.240000e+00	
8.040000e-06	-1.920000e+00	
8.060000e-06	-1.920000e+00	
8.080000e-06	-1.600000e+00	
8.100000e-06	-1.120000e+00	
8.120000e-06	-6.400000e-01	
8.140000e-06	3.200000e-01	
8.160000e-06	3.200000e-01	
8.180000e-06	1.760000e+00	
8.200000e-06	3.040000e+00	
8.220000e-06	3.520000e+00	
8.240000e-06	3.280000e+00	
8.260000e-06	3.280000e+00	
8.280000e-06	3.120000e+00	
8.300000e-06	2.960000e+00	
8.320000e-06	3.040000e+00	
8.340000e-06	2.960000e+00	
8.360000e-06	2.960000e+00	
8.380000e-06	3.040000e+00	
8.400000e-06	2.960000e+00	
8.420000e-06	3.040000e+00	
8.440000e-06	3.040000e+00	
8.460000e-06	3.040000e+00	
8.480000e-06	3.040000e+00	
8.500000e-06	2.960000e+00	
8.520000e-06	3.040000e+00	
8.540000e-06	3.040000e+00	
8.560000e-06	3.040000e+00	
8.580000e-06	3.040000e+00	
8.600000e-06	2.960000e+00	
8.620000e-06	3.040000e+00	
8.640000e-06	3.040000e+00	
8.660000e-06	3.040000e+00	
8.680000e-06	3.040000e+00	
8.700000e-06	2.960000e+00	
8.720000e-06	3.120000e+00	
8.740000e-06	3.040000e+00	
8.760000e-06	3.040000e+00	
8.780000e-06	3.040000e+00	
8.800000e-06	2.960000e+00	
8.820000e-06	3.040000e+00	
8.840000e-06	3.040000e+00	
8.860000e-06	3.040000e+00	
8.880000e-06	3.040000e+00	
8.900000e-06	3.040000e+00	
8.920000e-06	3.040000e+00	
8.940000e-06	3.040000e+00	
8.960000e-06	3.040000e+00	
8.980000e-06	3.040000e+00	
9.000000e-06	2.960000e+00	
9.020000e-06	3.040000e+00	
9.040000e-06	3.040000e+00	
9.060000e-06	3.040000e+00	
9.080000e-06	3.040000e+00	
9.100000e-06	2.960000e+00	
9.120000e-06	3.040000e+00	
9.140000e-06	3.040000e+00	
9.160000e-06	3.040000e+00	
9.180000e-06	3.040000e+00	
9.200000e-06	2.960000e+00	
9.220000e-06	3.040000e+00	
9.240000e-06	3.040000e+00	
9.260000e-06	3.040000e+00	
9.280000e-06	3.040000e+00	
9.300000e-06	3.040000e+00	
9.320000e-06	3.040000e+00	
9.340000e-06	3.040000e+00	
9.360000e-06	3.040000e+00	
9.380000e-06	3.040000e+00	
9.400000e-06	3.040000e+00	
9.420000e-06	3.040000e+00	
9.440000e-06	3.040000e+00	
9.460000e-06	3.040000e+00	
9.480000e-06	3.040000e+00	
9.500000e-06	2.960000e+00	
9.520000e-06	3.040000e+00	
9.540000e-06	3.040000e+00	
9.560000e-06	3.040000e+00	
9.580000e-06	3.040000e+00	
9.600000e-06	2.960000e+00	
9.620000e-06	3.040000e+00	
9.640000e-06	2.960000e+00	
9.660000e-06	2.960000e+00	
9.680000e-06	3.040000e+00	
9.700000e-06	3.040000e+00	
9.720000e-06	3.040000e+00	
9.740000e-06	3.040000e+00	
9.760000e-06	3.040000e+00	
9.780000e-06	3.040000e+00	
9.800000e-06	2.960000e+00	
9.820000e-06	3.040000e+00	
9.840000e-06	3.040000e+00	
9.860000e-06	3.040000e+00	
9.880000e-06	3.040000e+00	
9.900000e-06	2.960000e+00	
9.920000e-06	3.040000e+00	
9.940000e-06	3.040000e+00	
9.960000e-06	3.040000e+00	
9.980000e-06	3.040000e+00	
1.000000e-05	3.040000e+00	
1.002000e-05	3.040000e+00	
1.004000e-05	2.960000e+00	
1.006000e-05	2.960000e+00	
1.008000e-05	3.040000e+00	
1.010000e-05	3.040000e+00	
1.012000e-05	3.040000e+00	
1.014000e-05	3.040000e+00	
1.016000e-05	3.040000e+00	
1.018000e-05	2.880000e+00	
1.020000e-05	1.120000e+00	
1.022000e-05	-3.200000e-01	
1.024000e-05	-1.520000e+00	
1.026000e-05	-1.520000e+00	
1.028000e-05	-1.920000e+00	
1.030000e-05	-2.160000e+00	
1.032000e-05	-2.240000e+00	
1.034000e-05	-2.320000e+00	
1.036000e-05	-2.320000e+00	
1.038000e-05	-2.240000e+00	
1.040000e-05	-2.320000e+00	
1.042000e-05	-2.320000e+00	
1.044000e-05	-2.320000e+00	
1.046000e-05	-2.320000e+00	
1.048000e-05	-2.320000e+00	
1.050000e-05	-2.400000e+00	
1.052000e-05	-2.320000e+00	
1.054000e-05	-2.320000e+00	
1.056000e-05	-2.320000e+00	
1.058000e-05	-2.320000e+00	
1.060000e-05	-2.400000e+00	
1.062000e-05	-2.320000e+00	
1.064000e-05	-2.400000e+00	
1.066000e-05	-2.400000e+00	
1.068000e-05	-2.320000e+00	
1.070000e-05	-2.400000e+00	
1.072000e-05	-2.320000e+00	
1.074000e-05	-2.320000e+00	
1.076000e-05	-2.320000e+00	
1.078000e-05	-2.400000e+00	
1.080000e-05	-2.400000e+00	
1.082000e-05	-2.320000e+00	
1.084000e-05	-2.400000e+00	
1.086000e-05	-2.400000e+00	
1.088000e-05	-2.400000e+00	
1.090000e-05	-2.400000e+00	
1.092000e-05	-2.320000e+00	
1.094000e-05	-2.400000e+00	
1.096000e-05	-2.400000e+00	
1.098000e-05	-2.400000e+00	
1.100000e-05	-2.400000e+00	
1.102000e-05	-2.320000e+00	
1.104000e-05	-2.320000e+00	
1.106000e-05	-2.320000e+00	
1.108000e-05	-2.320000e+00	
1.110000e-05	-2.400000e+00	
1.112000e-05	-2.400000e+00	
1.114000e-05	-2.400000e+00	
1.116000e-05	-2.400000e+00	
1.118000e-05	-2.400000e+00	
1.120000e-05	-2.400000e+00	
1.122000e-05	-2.320000e+00	
1.124000e-05	-2.400000e+00	
1.126000e-05	-2.400000e+00	
1.128000e-05	-2.320000e+00	
1.130000e-05	-2.400000e+00	
1.132000e-05	-2.320000e+00	
1.134000e-05	-2.400000e+00	
1.136000e-05	-2.400000e+00	
1.138000e-05	-2.400000e+00	
1.140000e-05	-2.400000e+00	
1.142000e-05	-2.320000e+00	
1.144000e-05	-2.400000e+00	
1.146000e-05	-2.400000e+00	
1.148000e-05	-2.400000e+00	
1.150000e-05	-2.400000e+00	
1.152000e-05	-2.320000e+00	
1.154000e-05	-2.400000e+00	
1.156000e-05	-2.400000e+00	
1.158000e-05	-2.400000e+00	
1.160000e-05	-2.400000e+00	
1.162000e-05	-2.400000e+00	
1.164000e-05	-2.400000e+00	
1.166000e-05	-2.400000e+00	
1.168000e-05	-2.400000e+00	
1.170000e-05	-2.400000e+00	
1.172000e-05	-2.400000e+00	
1.174000e-05	-2.400000e+00	
1.176000e-05	-2.400000e+00	
1.178000e-05	-2.400000e+00	
1.180000e-05	-2.400000e+00	
1.182000e-05	-2.400000e+00	
1.184000e-05	-2.400000e+00	
1.186000e-05	-2.400000e+00	
1.188000e-05	-2.400000e+00	
1.190000e-05	-2.400000e+00	
1.192000e-05	-2.400000e+00	
1.194000e-05	-2.400000e+00	
1.196000e-05	-2.400000e+00	
1.198000e-05	-2.400000e+00	
1.200000e-05	-2.400000e+00	
1.202000e-05	-2.400000e+00	
1.204000e-05	-2.400000e+00	
1.206000e-05	-2.400000e+00	
1.208000e-05	-2.400000e+00	
1.210000e-05	-2.400000e+00	
1.212000e-05	-2.320000e+00	
1.214000e-05	-2.400000e+00	
1.216000e-05	-2.400000e+00	
1.218000e-05	-2.400000e+00	
1.220000e-05	-2.400000e+00	
1.222000e-05	-2.400000e+00	
1.224000e-05	-2.480000e+00	
1.226000e-05	-2.480000e+00	
1.228000e-05	-2.400000e+00	
1.230000e-05	-2.480000e+00	
1.232000e-05	-2.400000e+00	
1.234000e-05	-2.400000e+00	
1.236000e-05	-2.400000e+00	
1.238000e-05	-2.400000e+00	
1.240000e-05	-2.480000e+00	
1.242000e-05	-2.400000e+00	
1.244000e-05	-2.400000e+00	
1.246000e-05	-2.400000e+00	
1.248000e-05	-2.400000e+00	
1.250000e-05	-2.400000e+00	
1.252000e-05	-2.400000e+00	
1.254000e-05	-2.400000e+00	
1.256000e-05	-2.400000e+00	
1.258000e-05	-2.400000e+00	
1.260000e-05	-2.400000e+00	
1.262000e-05	-2.400000e+00	
1.264000e-05	-2.400000e+00	
1.266000e-05	-2.400000e+00	
1.268000e-05	-2.400000e+00	
1.270000e-05	-2.080000e+00	
1.272000e-05	-1.760000e+00	
1.274000e-05	-1.360000e+00	
1.276000e-05	-1.360000e+00	
1.278000e-05	-9.600000e-01	
1.280000e-05	-4.000000e-01	
1.282000e-05	7.200000e-01	
1.284000e-05	2.400000e+00	
1.286000e-05	2.400000e+00	
1.288000e-05	3.280000e+00	
1.290000e-05	3.440000e+00	
1.292000e-05	3.280000e+00	
1.294000e-05	3.040000e+00	
1.296000e-05	3.040000e+00	
1.298000e-05	3.040000e+00	
1.300000e-05	2.960000e+00	
1.302000e-05	3.040000e+00	
1.304000e-05	3.040000e+00	
1.306000e-05	3.040000e+00	
1.308000e-05	3.040000e+00	
1.310000e-05	2.960000e+00	
1.312000e-05	3.040000e+00	
1.314000e-05	2.960000e+00	
1.316000e-05	2.960000e+00	
1.318000e-05	3.040000e+00	
1.320000e-05	2.960000e+00	
1.322000e-05	3.040000e+00	
1.324000e-05	2.960000e+00	
1.326000e-05	2.960000e+00	
1.328000e-05	3.040000e+00	
1.330000e-05	2.960000e+00	
1.332000e-05	3.040000e+00	
1.334000e-05	2.960000e+00	
1.336000e-05	2.960000e+00	
1.338000e-05	3.040000e+00	
1.340000e-05	2.960000e+00	
1.342000e-05	3.040000e+00	
1.344000e-05	3.040000e+00	
1.346000e-05	3.040000e+00	
1.348000e-05	3.040000e+00	
1.350000e-05	2.960000e+00	
1.352000e-05	3.040000e+00	
1.354000e-05	3.040000e+00	
1.356000e-05	3.040000e+00	
1.358000e-05	3.040000e+00	
1.360000e-05	2.960000e+00	
1.362000e-05	3.040000e+00	
1.364000e-05	3.040000e+00	
1.366000e-05	3.040000e+00	
1.368000e-05	3.040000e+00	
1.370000e-05	3.040000e+00	
1.372000e-05	3.120000e+00	
1.374000e-05	3.040000e+00	
1.376000e-05	3.040000e+00	
1.378000e-05	3.040000e+00	
1.380000e-05	2.960000e+00	
1.382000e-05	3.040000e+00	
1.384000e-05	3.040000e+00	
1.386000e-05	3.040000e+00	
1.388000e-05	3.040000e+00	
1.390000e-05	3.040000e+00	
1.392000e-05	3.040000e+00	
1.394000e-05	3.040000e+00	
1.396000e-05	3.040000e+00	
1.398000e-05	3.040000e+00	
1.400000e-05	2.960000e+00	
1.402000e-05	3.040000e+00	
1.404000e-05	3.040000e+00	
1.406000e-05	3.040000e+00	
1.408000e-05	3.040000e+00	
1.410000e-05	3.040000e+00	
1.412000e-05	3.040000e+00	
1.414000e-05	2.960000e+00	
1.416000e-05	2.960000e+00	
1.418000e-05	3.040000e+00	
1.420000e-05	2.960000e+00	
1.422000e-05	3.040000e+00	
1.424000e-05	3.040000e+00	
1.426000e-05	3.040000e+00	
1.428000e-05	3.040000e+00	
1.430000e-05	2.960000e+00	
1.432000e-05	3.040000e+00	
1.434000e-05	3.040000e+00	
1.436000e-05	3.040000e+00	
1.438000e-05	3.040000e+00	
1.440000e-05	2.960000e+00	
1.442000e-05	3.040000e+00	
1.444000e-05	3.040000e+00	
1.446000e-05	3.040000e+00	
1.448000e-05	3.040000e+00	
1.450000e-05	3.040000e+00	
1.452000e-05	3.040000e+00	
1.454000e-05	3.040000e+00	
1.456000e-05	3.040000e+00	
1.458000e-05	3.040000e+00	
1.460000e-05	3.040000e+00	
1.462000e-05	3.040000e+00	
1.464000e-05	3.040000e+00	
1.466000e-05	3.040000e+00	
1.468000e-05	3.040000e+00	
1.470000e-05	2.960000e+00	
1.472000e-05	3.040000e+00	
1.474000e-05	3.040000e+00	
1.476000e-05	3.040000e+00	
1.478000e-05	3.040000e+00	
1.480000e-05	2.960000e+00	
1.482000e-05	3.040000e+00	
1.484000e-05	2.320000e+00	
1.486000e-05	2.320000e+00	
1.488000e-05	6.400000e-01	
1.490000e-05	-9.600000e-01	
1.492000e-05	-1.680000e+00	
1.494000e-05	-2.080000e+00	
1.496000e-05	-2.080000e+00	
1.498000e-05	-2.160000e+00	
1.500000e-05	-2.320000e+00	
1.502000e-05	-2.240000e+00	
1.504000e-05	-2.320000e+00	
1.506000e-05	-2.320000e+00	
1.508000e-05	-2.320000e+00	
1.510000e-05	-2.320000e+00	
1.512000e-05	-2.320000e+00	
1.514000e-05	-2.320000e+00	
1.516000e-05	-2.320000e+00	
1.518000e-05	-2.320000e+00	
1.520000e-05	-2.400000e+00	
1.522000e-05	-2.320000e+00	
1.524000e-05	-2.320000e+00	
1.526000e-05	-2.320000e+00	
1.528000e-05	-2.320000e+00	
1.530000e-05	-2.400000e+00	
1.532000e-05	-2.320000e+00	
1.534000e-05	-2.400000e+00	
1.536000e-05	-2.400000e+00	
1.538000e-05	-2.320000e+00	
1.540000e-05	-2.400000e+00	
1.542000e-05	-2.320000e+00	
1.544000e-05	-2.400000e+00	
1.546000e-05	-2.400000e+00	
1.548000e-05	-2.400000e+00	
1.550000e-05	-2.400000e+00	
1.552000e-05	-2.320000e+00	
1.554000e-05	-2.320000e+00	
1.556000e-05	-2.320000e+00	
1.558000e-05	-2.320000e+00	
1.560000e-05	-2.400000e+00	
1.562000e-05	-2.320000e+00	
1.564000e-05	-2.400000e+00	
1.566000e-05	-2.400000e+00	
1.568000e-05	-2.320000e+00	
1.570000e-05	-2.400000e+00	
1.572000e-05	-2.320000e+00	
1.574000e-05	-2.400000e+00	
1.576000e-05	-2.400000e+00	
1.578000e-05	-2.400000e+00	
1.580000e-05	-2.400000e+00	
1.582000e-05	-2.320000e+00	
1.584000e-05	-2.320000e+00	
1.586000e-05	-2.320000e+00	
1.588000e-05	-2.320000e+00	
1.590000e-05	-2.400000e+00	
1.592000e-05	-2.320000e+00	
1.594000e-05	-2.400000e+00	
1.596000e-05	-2.400000e+00	
1.598000e-05	-2.320000e+00	
1.600000e-05	-2.400000e+00	
1.602000e-05	-2.400000e+00	
1.604000e-05	-2.400000e+00	
1.606000e-05	-2.400000e+00	
1.608000e-05	-2.400000e+00	
1.610000e-05	-2.400000e+00	
1.612000e-05	-2.400000e+00	
1.614000e-05	-2.400000e+00	
1.616000e-05	-2.400000e+00	
1.618000e-05	-2.400000e+00	
1.620000e-05	-2.400000e+00	
1.622000e-05	-2.400000e+00	
1.624000e-05	-2.400000e+00	
1.626000e-05	-2.400000e+00	
1.628000e-05	-2.400000e+00	
1.630000e-05	-2.400000e+00	
1.632000e-05	-2.320000e+00	
1.634000e-05	-2.400000e+00	
1.636000e-05	-2.400000e+00	
1.638000e-05	-2.400000e+00	
1.640000e-05	-2.400000e+00	
1.642000e-05	-2.400000e+00	
1.644000e-05	-2.400000e+00	
1.646000e-05	-2.400000e+00	
1.648000e-05	-2.320000e+00	
1.650000e-05	-2.400000e+00	
1.652000e-05	-2.320000e+00	
1.654000e-05	-2.400000e+00	
1.656000e-05	-2.400000e+00	
1.658000e-05	-2.320000e+00	
1.660000e-05	-2.400000e+00	
1.662000e-05	-2.320000e+00	
1.664000e-05	-2.400000e+00	
1.666000e-05	-2.400000e+00	
1.668000e-05	-2.320000e+00	
1.670000e-05	-2.400000e+00	
1.672000e-05	-2.320000e+00	
1.674000e-05	-2.400000e+00	
1.676000e-05	-2.400000e+00	
1.678000e-05	-2.400000e+00	
1.680000e-05	-2.400000e+00	
1.682000e-05	-2.400000e+00	
1.684000e-05	-2.400000e+00	
1.686000e-05	-2.400000e+00	
1.688000e-05	-2.400000e+00	
1.690000e-05	-2.400000e+00	
1.692000e-05	-2.400000e+00	
1.694000e-05	-2.400000e+00	
1.696000e-05	-2.400000e+00	
1.698000e-05	-2.400000e+00	
1.700000e-05	-2.400000e+00	
1.702000e-05	-2.400000e+00	
1.704000e-05	-2.400000e+00	
1.706000e-05	-2.400000e+00	
1.708000e-05	-2.400000e+00	
1.710000e-05	-2.400000e+00	
1.712000e-05	-2.320000e+00	
1.714000e-05	-2.400000e+00	
1.716000e-05	-2.400000e+00	
1.718000e-05	-2.400000e+00	
1.720000e-05	-2.400000e+00	
1.722000e-05	-2.320000e+00	
1.724000e-05	-2.400000e+00	
1.726000e-05	-2.400000e+00	
1.728000e-05	-2.400000e+00	
1.730000e-05	-2.400000e+00	
1.732000e-05	-2.400000e+00	
1.734000e-05	-2.320000e+00	
1.736000e-05	-2.320000e+00	
1.738000e-05	-2.000000e+00	
1.740000e-05	-1.680000e+00	
1.742000e-05	-1.280000e+00	
1.744000e-05	-8.000000e-01	
1.746000e-05	-8.000000e-01	
1.748000e-05	-1.600000e-01	
1.750000e-05	1.440000e+00	
1.752000e-05	2.720000e+00	
1.754000e-05	3.440000e+00	
1.756000e-05	3.440000e+00	
1.758000e-05	3.440000e+00	
1.760000e-05	3.120000e+00	
1.762000e-05	3.040000e+00	
1.764000e-05	2.960000e+00	
1.766000e-05	2.960000e+00	
1.768000e-05	3.040000e+00	
1.770000e-05	2.960000e+00	
1.772000e-05	3.040000e+00	
1.774000e-05	2.960000e+00	
1.776000e-05	2.960000e+00	
1.778000e-05	3.040000e+00	
1.780000e-05	2.960000e+00	
1.782000e-05	3.040000e+00	
1.784000e-05	2.960000e+00	
1.786000e-05	2.960000e+00	
1.788000e-05	3.040000e+00	
1.790000e-05	2.960000e+00	
1.792000e-05	3.040000e+00	
1.794000e-05	2.960000e+00	
1.796000e-05	2.960000e+00	
1.798000e-05	3.040000e+00	
1.800000e-05	3.040000e+00	
1.802000e-05	3.040000e+00	
1.804000e-05	3.040000e+00	
1.806000e-05	3.040000e+00	
1.808000e-05	3.040000e+00	
1.810000e-05	3.040000e+00	
1.812000e-05	3.040000e+00	
1.814000e-05	3.040000e+00	
1.816000e-05	3.040000e+00	
1.818000e-05	3.040000e+00	
1.820000e-05	3.040000e+00	
1.822000e-05	3.040000e+00	
1.824000e-05	3.040000e+00	
1.826000e-05	3.040000e+00	
1.828000e-05	3.040000e+00	
1.830000e-05	3.040000e+00	
1.832000e-05	3.040000e+00	
1.834000e-05	3.040000e+00	
1.836000e-05	3.040000e+00	
1.838000e-05	3.040000e+00	
1.840000e-05	2.960000e+00	
1.842000e-05	3.040000e+00	
1.844000e-05	3.040000e+00	
1.846000e-05	3.040000e+00	
1.848000e-05	3.040000e+00	
1.850000e-05	2.960000e+00	
1.852000e-05	3.040000e+00	
1.854000e-05	2.960000e+00	
1.856000e-05	2.960000e+00	
1.858000e-05	3.040000e+00	
1.860000e-05	3.040000e+00	
1.862000e-05	3.040000e+00	
1.864000e-05	3.040000e+00	
1.866000e-05	3.040000e+00	
1.868000e-05	3.040000e+00	
1.870000e-05	3.040000e+00	
1.872000e-05	3.040000e+00	
1.874000e-05	3.040000e+00	
1.876000e-05	3.040000e+00	
1.878000e-05	3.040000e+00	
1.880000e-05	3.040000e+00	
1.882000e-05	3.040000e+00	
1.884000e-05	2.960000e+00	
1.886000e-05	2.960000e+00	
1.888000e-05	3.040000e+00	
1.890000e-05	3.040000e+00	
1.892000e-05	3.040000e+00	
1.894000e-05	3.040000e+00	
1.896000e-05	3.040000e+00	
1.898000e-05	3.040000e+00	
1.900000e-05	2.960000e+00	
1.902000e-05	3.040000e+00	
1.904000e-05	3.040000e+00	
1.906000e-05	3.040000e+00	
1.908000e-05	3.040000e+00	
1.910000e-05	3.040000e+00	
1.912000e-05	3.120000e+00	
1.914000e-05	3.040000e+00	
1.916000e-05	3.040000e+00	
1.918000e-05	3.040000e+00	
1.920000e-05	3.040000e+00	
1.922000e-05	3.040000e+00	
1.924000e-05	3.040000e+00	
1.926000e-05	3.040000e+00	
1.928000e-05	3.040000e+00	
1.930000e-05	2.960000e+00	
1.932000e-05	3.120000e+00	
1.934000e-05	3.040000e+00	
1.936000e-05	3.040000e+00	
1.938000e-05	3.040000e+00	
1.940000e-05	3.040000e+00	
1.942000e-05	3.040000e+00	
1.944000e-05	3.040000e+00	
1.946000e-05	3.040000e+00	
1.948000e-05	3.040000e+00	
1.950000e-05	2.960000e+00	
1.952000e-05	2.000000e+00	
1.954000e-05	-8.000000e-02	
1.956000e-05	-8.000000e-02	
1.958000e-05	-1.200000e+00	
1.960000e-05	-1.840000e+00	
1.962000e-05	-2.080000e+00	
1.964000e-05	-2.240000e+00	
1.966000e-05	-2.240000e+00	
1.968000e-05	-2.240000e+00	
1.970000e-05	-2.320000e+00	
1.972000e-05	-2.240000e+00	
1.974000e-05	-2.320000e+00	
1.976000e-05	-2.320000e+00	
1.978000e-05	-2.320000e+00	
1.980000e-05	-2.400000e+00	
1.982000e-05	-2.320000e+00	
1.984000e-05	-2.320000e+00	
1.986000e-05	-2.320000e+00	
1.988000e-05	-2.320000e+00	
1.990000e-05	-2.400000e+00	
1.992000e-05	-2.320000e+00	
1.994000e-05	-2.320000e+00	
1.996000e-05	-2.320000e+00	
1.998000e-05	-2.320000e+00	
2.000000e-05	-2.400000e+00	
2.002000e-05	-2.320000e+00	
2.004000e-05	-2.400000e+00	
2.006000e-05	-2.400000e+00	
2.008000e-05	-2.320000e+00	
2.010000e-05	-2.400000e+00	
2.012000e-05	-2.320000e+00	
2.014000e-05	-2.400000e+00	
2.016000e-05	-2.400000e+00	
2.018000e-05	-2.400000e+00	
2.020000e-05	-2.400000e+00	
2.022000e-05	-2.320000e+00	
2.024000e-05	-2.400000e+00	
2.026000e-05	-2.400000e+00	
2.028000e-05	-2.320000e+00	
2.030000e-05	-2.400000e+00	
2.032000e-05	-2.320000e+00	
2.034000e-05	-2.400000e+00	
2.036000e-05	-2.400000e+00	
2.038000e-05	-2.400000e+00	
2.040000e-05	-2.400000e+00	
2.042000e-05	-2.400000e+00	
2.044000e-05	-2.400000e+00	
2.046000e-05	-2.400000e+00	
